1729024812363 0.9121580926477703 0
1729024819245 0.9121580926477703 0
1729024826301 0.9121580926477703 0
1729024833278 0.9121580926477703 0
1729024840288 0.9121580926477703 0
1729024847051 0.9121580926477703 0
1729024853971 0.9121580926477703 0
1729024860831 0.9121580926477703 0
1729024871756 0.8359556164263736 0
1729024882681 0.8359556164263736 0
1729024893155 0.8359556164263736 0
1729024902263 0.8359556164263736 0
1729024911302 0.8359556164263736 0
1729024920170 0.8359556164263736 0
1729024929461 0.8359556164263736 0
1729024938172 0.8359556164263736 0
