1729024812865 0.6877659574468085 0
1729024819716 0.6877659574468085 0
1729024826773 0.6877659574468085 0
1729024833779 0.6877659574468085 0
1729024840758 0.6877659574468085 0
1729024847522 0.6877659574468085 0
1729024854457 0.6877659574468085 0
1729024861299 0.6877659574468085 0
1729024875593 0.6391843971631206 0
1729024886277 0.6391843971631206 0
1729024895964 0.6391843971631206 0
1729024905056 0.6391843971631206 0
1729024914112 0.6391843971631206 0
1729024922995 0.6391843971631206 0
1729024932326 0.6391843971631206 0
1729024940840 0.6391843971631206 0
1729024964462 0.6379432624113475 0
1729024981579 0.6379432624113475 0
1729024998952 0.6379432624113475 0
1729025016530 0.6379432624113475 0
1729025035427 0.6379432624113475 0
