1729024812363 0.6935115357810134 0
1729024819245 0.6935115357810134 0
1729024826301 0.6935115357810134 0
1729024833278 0.6935115357810134 0
1729024840288 0.6935115357810134 0
1729024847051 0.6935115357810134 0
1729024853971 0.6935115357810134 0
1729024860831 0.6935115357810134 0
1729024871756 0.6376833769267525 0
1729024882681 0.6376833769267525 0
1729024893155 0.6376833769267525 0
1729024902263 0.6376833769267525 0
1729024911302 0.6376833769267525 0
1729024920170 0.6376833769267525 0
1729024929461 0.6376833769267525 0
1729024938172 0.6376833769267525 0
1729024958231 0.6457163338996342 0
1729024975542 0.6457163338996342 0
1729024992408 0.6457163338996342 0
1729025010016 0.6457163338996342 0
1729025029006 0.6457163338996342 0
