1729024812363 0.7699945962469567 0
1729024819245 0.7699945962469567 0
1729024826301 0.7699945962469567 0
1729024833278 0.7699945962469567 0
1729024840288 0.7699945962469567 0
1729024847051 0.7699945962469567 0
1729024853971 0.7699945962469567 0
1729024860831 0.7699945962469567 0
1729024871756 7.630834711461049 0
1729024882681 7.630834711461049 0
1729024893155 7.630834711461049 0
1729024902263 7.630834711461049 0
1729024911302 7.630834711461049 0
1729024920170 7.630834711461049 0
1729024929461 7.630834711461049 0
1729024938172 7.630834711461049 0
